../../../../.git/annex/objects/wZ/MV/MD5E-s7349--e46f78266a13cdb497879cc3f152b7af.tsv/MD5E-s7349--e46f78266a13cdb497879cc3f152b7af.tsv