../../../../.git/annex/objects/8g/w4/MD5E-s825248--841ce07184620fbd43c46192642212fc.tsv/MD5E-s825248--841ce07184620fbd43c46192642212fc.tsv