../../../../.git/annex/objects/X9/GW/MD5E-s3917968--f12b69728d3b3f52e5b655ed97c5e1bd.tsv/MD5E-s3917968--f12b69728d3b3f52e5b655ed97c5e1bd.tsv