../../../../.git/annex/objects/Xx/Km/MD5E-s3910600--d92e90924f70b07eb38a2226873374f3.tsv/MD5E-s3910600--d92e90924f70b07eb38a2226873374f3.tsv