../../../../.git/annex/objects/P9/fv/MD5E-s270013--ddd02779b3752f434c575ad68a9f7f2e.tsv/MD5E-s270013--ddd02779b3752f434c575ad68a9f7f2e.tsv