../../../../.git/annex/objects/g8/Mw/MD5E-s58664--2f8286fb4290fb912ec0384037b92ada.tsv/MD5E-s58664--2f8286fb4290fb912ec0384037b92ada.tsv