../../../../.git/annex/objects/5m/50/MD5E-s3906190--01c5d37eb5a708d023fad304e0aeb754.tsv/MD5E-s3906190--01c5d37eb5a708d023fad304e0aeb754.tsv