../../../../.git/annex/objects/mm/7v/MD5E-s635--4b2c47774f516a195c961802f9a3f934.tsv/MD5E-s635--4b2c47774f516a195c961802f9a3f934.tsv