../../../../.git/annex/objects/fj/Zq/MD5E-s2280746--5a2ef145c20b2d1fa5f443a2e027e64b.tsv/MD5E-s2280746--5a2ef145c20b2d1fa5f443a2e027e64b.tsv