../../../../.git/annex/objects/54/7q/MD5E-s42477--93ab9462e38209be9820c4a074d7da28.tsv/MD5E-s42477--93ab9462e38209be9820c4a074d7da28.tsv