../../../../.git/annex/objects/pJ/pJ/MD5E-s1245--517458c21e818c1adf1a8c82bf2d521a.tsv/MD5E-s1245--517458c21e818c1adf1a8c82bf2d521a.tsv