../../../../.git/annex/objects/FV/W7/MD5E-s58682--b0e32f554920caa725d2035a330330a6.tsv/MD5E-s58682--b0e32f554920caa725d2035a330330a6.tsv