../../../../.git/annex/objects/5x/Jp/MD5E-s1253--efa72353ab2ec37f92655a66995987e0.tsv/MD5E-s1253--efa72353ab2ec37f92655a66995987e0.tsv