../../../../.git/annex/objects/x7/kM/MD5E-s342494--3634cf612e87097a835e51da87eb50cd.tsv/MD5E-s342494--3634cf612e87097a835e51da87eb50cd.tsv