../../../../.git/annex/objects/kZ/2J/MD5E-s4073938--d9353e90345586df05b6b0474ebdd93f.tsv/MD5E-s4073938--d9353e90345586df05b6b0474ebdd93f.tsv