../../../../.git/annex/objects/K1/Pj/MD5E-s20868857--64caee917c53ceec11d9869f85504135.tsv/MD5E-s20868857--64caee917c53ceec11d9869f85504135.tsv